こういう感じに、データの先頭に
データ以外の行があった場合
ヘッダ情報とみなしてスルーします。
0	0	0	0	0	0	0	0	0	0	0	0	0	0	0
1.00E-11	1.00E-11	1.00E-11	1.00E-11	1.00E-11	1.00E-11	1.00E-11	1.00E-11	1.00E-11	1.00E-11	1.00E-11	1.00E-11	1.00E-11	1.00E-11	1.00E-11
2E-11	2E-11	2E-11	2E-11	2E-11	2E-11	2E-11	2E-11	2E-11	2E-11	2E-11	2E-11	2E-11	2E-11	2E-11
3.00E-11	3.00E-11	3.00E-11	3.00E-11	3.00E-11	3.00E-11	3.00E-11	3.00E-11	3.00E-11	3.00E-11	3.00E-11	3.00E-11	3.00E-11	3.00E-11	3.00E-11
4E-11	4E-11	4E-11	4E-11	4E-11	4E-11	4E-11	4E-11	4E-11	4E-11	4E-11	4E-11	4E-11	4E-11	4E-11
5.00E-11	5.00E-11	5.00E-11	5.00E-11	5.00E-11	5.00E-11	5.00E-11	5.00E-11	5.00E-11	5.00E-11	5.00E-11	5.00E-11	5.00E-11	5.00E-11	5.00E-11
6E-11	6E-11	6E-11	6E-11	6E-11	6E-11	6E-11	6E-11	6E-11	6E-11	6E-11	6E-11	6E-11	6E-11	6E-11
7.00E-11	7.00E-11	7.00E-11	7.00E-11	7.00E-11	7.00E-11	7.00E-11	7.00E-11	7.00E-11	7.00E-11	7.00E-11	7.00E-11	7.00E-11	7.00E-11	7.00E-11
8E-11	8E-11	8E-11	8E-11	8E-11	8E-11	8E-11	8E-11	8E-11	8E-11	8E-11	8E-11	8E-11	8E-11	8E-11
9.00E-11	9.00E-11	9.00E-11	9.00E-11	9.00E-11	9.00E-11	9.00E-11	9.00E-11	9.00E-11	9.00E-11	9.00E-11	9.00E-11	9.00E-11	9.00E-11	9.00E-11
1E-10	1E-10	1E-10	1E-10	1E-10	1E-10	1E-10	1E-10	1E-10	1E-10	1E-10	1E-10	1E-10	1E-10	1E-10
1.10E-10	1.10E-10	1.10E-10	1.10E-10	1.10E-10	1.10E-10	1.10E-10	1.10E-10	1.10E-10	1.10E-10	1.10E-10	1.10E-10	1.10E-10	1.10E-10	1.10E-10
1.2E-10	1.2E-10	1.2E-10	1.2E-10	1.2E-10	1.2E-10	1.2E-10	1.2E-10	1.2E-10	1.2E-10	1.2E-10	1.2E-10	1.2E-10	1.2E-10	1.2E-10
1.30E-10	1.30E-10	1.30E-10	1.30E-10	1.30E-10	1.30E-10	1.30E-10	1.30E-10	1.30E-10	1.30E-10	1.30E-10	1.30E-10	1.30E-10	1.30E-10	1.30E-10
1.4E-10	1.4E-10	1.4E-10	1.4E-10	1.4E-10	1.4E-10	1.4E-10	1.4E-10	1.4E-10	1.4E-10	1.4E-10	1.4E-10	1.4E-10	1.4E-10	1.4E-10
1.50E-10	1.50E-10	1.50E-10	1.50E-10	1.50E-10	1.50E-10	1.50E-10	1.50E-10	1.50E-10	1.50E-10	1.50E-10	1.50E-10	1.50E-10	1.50E-10	1.50E-10
1.6E-10	1.6E-10	1.6E-10	1.6E-10	1.6E-10	1.6E-10	1.6E-10	1.6E-10	1.6E-10	1.6E-10	1.6E-10	1.6E-10	1.6E-10	1.6E-10	1.6E-10
1.70E-10	1.70E-10	1.70E-10	1.70E-10	1.70E-10	1.70E-10	1.70E-10	1.70E-10	1.70E-10	1.70E-10	1.70E-10	1.70E-10	1.70E-10	1.70E-10	1.70E-10
1.8E-10	1.8E-10	1.8E-10	1.8E-10	1.8E-10	1.8E-10	1.8E-10	1.8E-10	1.8E-10	1.8E-10	1.8E-10	1.8E-10	1.8E-10	1.8E-10	1.8E-10
1.90E-10	1.90E-10	1.90E-10	1.90E-10	1.90E-10	1.90E-10	1.90E-10	1.90E-10	1.90E-10	1.90E-10	1.90E-10	1.90E-10	1.90E-10	1.90E-10	1.90E-10
2E-10	2E-10	2E-10	2E-10	2E-10	2E-10	2E-10	2E-10	2E-10	2E-10	2E-10	2E-10	2E-10	2E-10	2E-10
2.10E-10	2.10E-10	2.10E-10	2.10E-10	2.10E-10	2.10E-10	2.10E-10	2.10E-10	2.10E-10	2.10E-10	2.10E-10	2.10E-10	2.10E-10	2.10E-10	2.10E-10
2.2E-10	2.2E-10	2.2E-10	2.2E-10	2.2E-10	2.2E-10	2.2E-10	2.2E-10	2.2E-10	2.2E-10	2.2E-10	2.2E-10	2.2E-10	2.2E-10	2.2E-10
2.30E-10	2.30E-10	2.30E-10	2.30E-10	2.30E-10	2.30E-10	2.30E-10	2.30E-10	2.30E-10	2.30E-10	2.30E-10	2.30E-10	2.30E-10	2.30E-10	2.30E-10
2.4E-10	2.4E-10	2.4E-10	2.4E-10	2.4E-10	2.4E-10	2.4E-10	2.4E-10	2.4E-10	2.4E-10	2.4E-10	2.4E-10	2.4E-10	2.4E-10	2.4E-10
2.50E-10	2.50E-10	2.50E-10	2.50E-10	2.50E-10	2.50E-10	2.50E-10	2.50E-10	2.50E-10	2.50E-10	2.50E-10	2.50E-10	2.50E-10	2.50E-10	2.50E-10
2.6E-10	2.6E-10	2.6E-10	2.6E-10	2.6E-10	2.6E-10	2.6E-10	2.6E-10	2.6E-10	2.6E-10	2.6E-10	2.6E-10	2.6E-10	2.6E-10	2.6E-10
2.70E-10	2.70E-10	2.70E-10	2.70E-10	2.70E-10	2.70E-10	2.70E-10	2.70E-10	2.70E-10	2.70E-10	2.70E-10	2.70E-10	2.70E-10	2.70E-10	2.70E-10
2.8E-10	2.8E-10	2.8E-10	2.8E-10	2.8E-10	2.8E-10	2.8E-10	2.8E-10	2.8E-10	2.8E-10	2.8E-10	2.8E-10	2.8E-10	2.8E-10	2.8E-10
2.90E-10	2.90E-10	2.90E-10	2.90E-10	2.90E-10	2.90E-10	2.90E-10	2.90E-10	2.90E-10	2.90E-10	2.90E-10	2.90E-10	2.90E-10	2.90E-10	2.90E-10
3E-10	3E-10	3E-10	3E-10	3E-10	3E-10	3E-10	3E-10	3E-10	3E-10	3E-10	3E-10	3E-10	3E-10	3E-10
3.10E-10	3.10E-10	3.10E-10	3.10E-10	3.10E-10	3.10E-10	3.10E-10	3.10E-10	3.10E-10	3.10E-10	3.10E-10	3.10E-10	3.10E-10	3.10E-10	3.10E-10
3.2E-10	3.2E-10	3.2E-10	3.2E-10	3.2E-10	3.2E-10	3.2E-10	3.2E-10	3.2E-10	3.2E-10	3.2E-10	3.2E-10	3.2E-10	3.2E-10	3.2E-10
3.30E-10	3.30E-10	3.30E-10	3.30E-10	3.30E-10	3.30E-10	3.30E-10	3.30E-10	3.30E-10	3.30E-10	3.30E-10	3.30E-10	3.30E-10	3.30E-10	3.30E-10
3.4E-10	3.4E-10	3.4E-10	3.4E-10	3.4E-10	3.4E-10	3.4E-10	3.4E-10	3.4E-10	3.4E-10	3.4E-10	3.4E-10	3.4E-10	3.4E-10	3.4E-10
3.50E-10	3.50E-10	3.50E-10	3.50E-10	3.50E-10	3.50E-10	3.50E-10	3.50E-10	3.50E-10	3.50E-10	3.50E-10	3.50E-10	3.50E-10	3.50E-10	3.50E-10
3.6E-10	3.6E-10	3.6E-10	3.6E-10	3.6E-10	3.6E-10	3.6E-10	3.6E-10	3.6E-10	3.6E-10	3.6E-10	3.6E-10	3.6E-10	3.6E-10	3.6E-10
3.70E-10	3.70E-10	3.70E-10	3.70E-10	3.70E-10	3.70E-10	3.70E-10	3.70E-10	3.70E-10	3.70E-10	3.70E-10	3.70E-10	3.70E-10	3.70E-10	3.70E-10
3.8E-10	3.8E-10	3.8E-10	3.8E-10	3.8E-10	3.8E-10	3.8E-10	3.8E-10	3.8E-10	3.8E-10	3.8E-10	3.8E-10	3.8E-10	3.8E-10	3.8E-10
3.90E-10	3.90E-10	3.90E-10	3.90E-10	3.90E-10	3.90E-10	3.90E-10	3.90E-10	3.90E-10	3.90E-10	3.90E-10	3.90E-10	3.90E-10	3.90E-10	3.90E-10
4E-10	4E-10	4E-10	4E-10	4E-10	4E-10	4E-10	4E-10	4E-10	4E-10	4E-10	4E-10	4E-10	4E-10	4E-10
4.10E-10	4.10E-10	4.10E-10	4.10E-10	4.10E-10	4.10E-10	4.10E-10	4.10E-10	4.10E-10	4.10E-10	4.10E-10	4.10E-10	4.10E-10	4.10E-10	4.10E-10
4.2E-10	4.2E-10	4.2E-10	4.2E-10	4.2E-10	4.2E-10	4.2E-10	4.2E-10	4.2E-10	4.2E-10	4.2E-10	4.2E-10	4.2E-10	4.2E-10	4.2E-10
4.30E-10	4.30E-10	4.30E-10	4.30E-10	4.30E-10	4.30E-10	4.30E-10	4.30E-10	4.30E-10	4.30E-10	4.30E-10	4.30E-10	4.30E-10	4.30E-10	4.30E-10
4.4E-10	4.4E-10	4.4E-10	4.4E-10	4.4E-10	4.4E-10	4.4E-10	4.4E-10	4.4E-10	4.4E-10	4.4E-10	4.4E-10	4.4E-10	4.4E-10	4.4E-10
4.50E-10	4.50E-10	4.50E-10	4.50E-10	4.50E-10	4.50E-10	4.50E-10	4.50E-10	4.50E-10	4.50E-10	4.50E-10	4.50E-10	4.50E-10	4.50E-10	4.50E-10
4.6E-10	4.6E-10	4.6E-10	4.6E-10	4.6E-10	4.6E-10	4.6E-10	4.6E-10	4.6E-10	4.6E-10	4.6E-10	4.6E-10	4.6E-10	4.6E-10	4.6E-10
4.70E-10	4.70E-10	4.70E-10	4.70E-10	4.70E-10	4.70E-10	4.70E-10	4.70E-10	4.70E-10	4.70E-10	4.70E-10	4.70E-10	4.70E-10	4.70E-10	4.70E-10
4.8E-10	4.8E-10	4.8E-10	4.8E-10	4.8E-10	4.8E-10	4.8E-10	4.8E-10	4.8E-10	4.8E-10	4.8E-10	4.8E-10	4.8E-10	4.8E-10	4.8E-10
4.90E-10	4.90E-10	4.90E-10	4.90E-10	4.90E-10	4.90E-10	4.90E-10	4.90E-10	4.90E-10	4.90E-10	4.90E-10	4.90E-10	4.90E-10	4.90E-10	4.90E-10
5E-10	5E-10	5E-10	5E-10	5E-10	5E-10	5E-10	5E-10	5E-10	5E-10	5E-10	5E-10	5E-10	5E-10	5E-10
5.10E-10	5.10E-10	5.10E-10	5.10E-10	5.10E-10	5.10E-10	5.10E-10	5.10E-10	5.10E-10	5.10E-10	5.10E-10	5.10E-10	5.10E-10	5.10E-10	5.10E-10
5.2E-10	5.2E-10	5.2E-10	5.2E-10	5.2E-10	5.2E-10	5.2E-10	5.2E-10	5.2E-10	5.2E-10	5.2E-10	5.2E-10	5.2E-10	5.2E-10	5.2E-10
5.30E-10	5.30E-10	5.30E-10	5.30E-10	5.30E-10	5.30E-10	5.30E-10	5.30E-10	5.30E-10	5.30E-10	5.30E-10	5.30E-10	5.30E-10	5.30E-10	5.30E-10
5.4E-10	5.4E-10	5.4E-10	5.4E-10	5.4E-10	5.4E-10	5.4E-10	5.4E-10	5.4E-10	5.4E-10	5.4E-10	5.4E-10	5.4E-10	5.4E-10	5.4E-10
5.50E-10	5.50E-10	5.50E-10	5.50E-10	5.50E-10	5.50E-10	5.50E-10	5.50E-10	5.50E-10	5.50E-10	5.50E-10	5.50E-10	5.50E-10	5.50E-10	5.50E-10
5.6E-10	5.6E-10	5.6E-10	5.6E-10	5.6E-10	5.6E-10	5.6E-10	5.6E-10	5.6E-10	5.6E-10	5.6E-10	5.6E-10	5.6E-10	5.6E-10	5.6E-10
5.70E-10	5.70E-10	5.70E-10	5.70E-10	5.70E-10	5.70E-10	5.70E-10	5.70E-10	5.70E-10	5.70E-10	5.70E-10	5.70E-10	5.70E-10	5.70E-10	5.70E-10
5.8E-10	5.8E-10	5.8E-10	5.8E-10	5.8E-10	5.8E-10	5.8E-10	5.8E-10	5.8E-10	5.8E-10	5.8E-10	5.8E-10	5.8E-10	5.8E-10	5.8E-10
5.90E-10	5.90E-10	5.90E-10	5.90E-10	5.90E-10	5.90E-10	5.90E-10	5.90E-10	5.90E-10	5.90E-10	5.90E-10	5.90E-10	5.90E-10	5.90E-10	5.90E-10
6E-10	6E-10	6E-10	6E-10	6E-10	6E-10	6E-10	6E-10	6E-10	6E-10	6E-10	6E-10	6E-10	6E-10	6E-10
6.10E-10	6.10E-10	6.10E-10	6.10E-10	6.10E-10	6.10E-10	6.10E-10	6.10E-10	6.10E-10	6.10E-10	6.10E-10	6.10E-10	6.10E-10	6.10E-10	6.10E-10
6.2E-10	6.2E-10	6.2E-10	6.2E-10	6.2E-10	6.2E-10	6.2E-10	6.2E-10	6.2E-10	6.2E-10	6.2E-10	6.2E-10	6.2E-10	6.2E-10	6.2E-10
6.30E-10	6.30E-10	6.30E-10	6.30E-10	6.30E-10	6.30E-10	6.30E-10	6.30E-10	6.30E-10	6.30E-10	6.30E-10	6.30E-10	6.30E-10	6.30E-10	6.30E-10
6.4E-10	6.4E-10	6.4E-10	6.4E-10	6.4E-10	6.4E-10	6.4E-10	6.4E-10	6.4E-10	6.4E-10	6.4E-10	6.4E-10	6.4E-10	6.4E-10	6.4E-10
6.50E-10	6.50E-10	6.50E-10	6.50E-10	6.50E-10	6.50E-10	6.50E-10	6.50E-10	6.50E-10	6.50E-10	6.50E-10	6.50E-10	6.50E-10	6.50E-10	6.50E-10
6.6E-10	6.6E-10	6.6E-10	6.6E-10	6.6E-10	6.6E-10	6.6E-10	6.6E-10	6.6E-10	6.6E-10	6.6E-10	6.6E-10	6.6E-10	6.6E-10	6.6E-10
6.70E-10	6.70E-10	6.70E-10	6.70E-10	6.70E-10	6.70E-10	6.70E-10	6.70E-10	6.70E-10	6.70E-10	6.70E-10	6.70E-10	6.70E-10	6.70E-10	6.70E-10
6.8E-10	6.8E-10	6.8E-10	6.8E-10	6.8E-10	6.8E-10	6.8E-10	6.8E-10	6.8E-10	6.8E-10	6.8E-10	6.8E-10	6.8E-10	6.8E-10	6.8E-10
6.90E-10	6.90E-10	6.90E-10	6.90E-10	6.90E-10	6.90E-10	6.90E-10	6.90E-10	6.90E-10	6.90E-10	6.90E-10	6.90E-10	6.90E-10	6.90E-10	6.90E-10
7E-10	7E-10	7E-10	7E-10	7E-10	7E-10	7E-10	7E-10	7E-10	7E-10	7E-10	7E-10	7E-10	7E-10	7E-10
7.10E-10	7.10E-10	7.10E-10	7.10E-10	7.10E-10	7.10E-10	7.10E-10	7.10E-10	7.10E-10	7.10E-10	7.10E-10	7.10E-10	7.10E-10	7.10E-10	7.10E-10
7.2E-10	7.2E-10	7.2E-10	7.2E-10	7.2E-10	7.2E-10	7.2E-10	7.2E-10	7.2E-10	7.2E-10	7.2E-10	7.2E-10	7.2E-10	7.2E-10	7.2E-10
7.30E-10	7.30E-10	7.30E-10	7.30E-10	7.30E-10	7.30E-10	7.30E-10	7.30E-10	7.30E-10	7.30E-10	7.30E-10	7.30E-10	7.30E-10	7.30E-10	7.30E-10
7.4E-10	7.4E-10	7.4E-10	7.4E-10	7.4E-10	7.4E-10	7.4E-10	7.4E-10	7.4E-10	7.4E-10	7.4E-10	7.4E-10	7.4E-10	7.4E-10	7.4E-10
7.50E-10	7.50E-10	7.50E-10	7.50E-10	7.50E-10	7.50E-10	7.50E-10	7.50E-10	7.50E-10	7.50E-10	7.50E-10	7.50E-10	7.50E-10	7.50E-10	7.50E-10
7.6E-10	7.6E-10	7.6E-10	7.6E-10	7.6E-10	7.6E-10	7.6E-10	7.6E-10	7.6E-10	7.6E-10	7.6E-10	7.6E-10	7.6E-10	7.6E-10	7.6E-10
7.70E-10	7.70E-10	7.70E-10	7.70E-10	7.70E-10	7.70E-10	7.70E-10	7.70E-10	7.70E-10	7.70E-10	7.70E-10	7.70E-10	7.70E-10	7.70E-10	7.70E-10
7.8E-10	7.8E-10	7.8E-10	7.8E-10	7.8E-10	7.8E-10	7.8E-10	7.8E-10	7.8E-10	7.8E-10	7.8E-10	7.8E-10	7.8E-10	7.8E-10	7.8E-10
7.90E-10	7.90E-10	7.90E-10	7.90E-10	7.90E-10	7.90E-10	7.90E-10	7.90E-10	7.90E-10	7.90E-10	7.90E-10	7.90E-10	7.90E-10	7.90E-10	7.90E-10
8E-10	8E-10	8E-10	8E-10	8E-10	8E-10	8E-10	8E-10	8E-10	8E-10	8E-10	8E-10	8E-10	8E-10	8E-10
8.10E-10	8.10E-10	8.10E-10	8.10E-10	8.10E-10	8.10E-10	8.10E-10	8.10E-10	8.10E-10	8.10E-10	8.10E-10	8.10E-10	8.10E-10	8.10E-10	8.10E-10
8.2E-10	8.2E-10	8.2E-10	8.2E-10	8.2E-10	8.2E-10	8.2E-10	8.2E-10	8.2E-10	8.2E-10	8.2E-10	8.2E-10	8.2E-10	8.2E-10	8.2E-10
8.30E-10	8.30E-10	8.30E-10	8.30E-10	8.30E-10	8.30E-10	8.30E-10	8.30E-10	8.30E-10	8.30E-10	8.30E-10	8.30E-10	8.30E-10	8.30E-10	8.30E-10
8.4E-10	8.4E-10	8.4E-10	8.4E-10	8.4E-10	8.4E-10	8.4E-10	8.4E-10	8.4E-10	8.4E-10	8.4E-10	8.4E-10	8.4E-10	8.4E-10	8.4E-10
8.50E-10	8.50E-10	8.50E-10	8.50E-10	8.50E-10	8.50E-10	8.50E-10	8.50E-10	8.50E-10	8.50E-10	8.50E-10	8.50E-10	8.50E-10	8.50E-10	8.50E-10
8.6E-10	8.6E-10	8.6E-10	8.6E-10	8.6E-10	8.6E-10	8.6E-10	8.6E-10	8.6E-10	8.6E-10	8.6E-10	8.6E-10	8.6E-10	8.6E-10	8.6E-10
8.70E-10	8.70E-10	8.70E-10	8.70E-10	8.70E-10	8.70E-10	8.70E-10	8.70E-10	8.70E-10	8.70E-10	8.70E-10	8.70E-10	8.70E-10	8.70E-10	8.70E-10
8.8E-10	8.8E-10	8.8E-10	8.8E-10	8.8E-10	8.8E-10	8.8E-10	8.8E-10	8.8E-10	8.8E-10	8.8E-10	8.8E-10	8.8E-10	8.8E-10	8.8E-10
8.90E-10	8.90E-10	8.90E-10	8.90E-10	8.90E-10	8.90E-10	8.90E-10	8.90E-10	8.90E-10	8.90E-10	8.90E-10	8.90E-10	8.90E-10	8.90E-10	8.90E-10
9E-10	9E-10	9E-10	9E-10	9E-10	9E-10	9E-10	9E-10	9E-10	9E-10	9E-10	9E-10	9E-10	9E-10	9E-10
9.10E-10	9.10E-10	9.10E-10	9.10E-10	9.10E-10	9.10E-10	9.10E-10	9.10E-10	9.10E-10	9.10E-10	9.10E-10	9.10E-10	9.10E-10	9.10E-10	9.10E-10
9.2E-10	9.2E-10	9.2E-10	9.2E-10	9.2E-10	9.2E-10	9.2E-10	9.2E-10	9.2E-10	9.2E-10	9.2E-10	9.2E-10	9.2E-10	9.2E-10	9.2E-10
9.30E-10	9.30E-10	9.30E-10	9.30E-10	9.30E-10	9.30E-10	9.30E-10	9.30E-10	9.30E-10	9.30E-10	9.30E-10	9.30E-10	9.30E-10	9.30E-10	9.30E-10
9.4E-10	9.4E-10	9.4E-10	9.4E-10	9.4E-10	9.4E-10	9.4E-10	9.4E-10	9.4E-10	9.4E-10	9.4E-10	9.4E-10	9.4E-10	9.4E-10	9.4E-10
9.50E-10	9.50E-10	9.50E-10	9.50E-10	9.50E-10	9.50E-10	9.50E-10	9.50E-10	9.50E-10	9.50E-10	9.50E-10	9.50E-10	9.50E-10	9.50E-10	9.50E-10
9.6E-10	9.6E-10	9.6E-10	9.6E-10	9.6E-10	9.6E-10	9.6E-10	9.6E-10	9.6E-10	9.6E-10	9.6E-10	9.6E-10	9.6E-10	9.6E-10	9.6E-10
9.70E-10	9.70E-10	9.70E-10	9.70E-10	9.70E-10	9.70E-10	9.70E-10	9.70E-10	9.70E-10	9.70E-10	9.70E-10	9.70E-10	9.70E-10	9.70E-10	9.70E-10
9.8E-10	9.8E-10	9.8E-10	9.8E-10	9.8E-10	9.8E-10	9.8E-10	9.8E-10	9.8E-10	9.8E-10	9.8E-10	9.8E-10	9.8E-10	9.8E-10	9.8E-10
9.90E-10	9.90E-10	9.90E-10	9.90E-10	9.90E-10	9.90E-10	9.90E-10	9.90E-10	9.90E-10	9.90E-10	9.90E-10	9.90E-10	9.90E-10	9.90E-10	9.90E-10
0.000000001	0.000000001	0.000000001	0.000000001	0.000000001	0.000000001	0.000000001	0.000000001	0.000000001	0.000000001	0.000000001	0.000000001	0.000000001	0.000000001	0.000000001
1.01E-09	1.01E-09	1.01E-09	1.01E-09	1.01E-09	1.01E-09	1.01E-09	1.01E-09	1.01E-09	1.01E-09	1.01E-09	1.01E-09	1.01E-09	1.01E-09	1.01E-09
1.02E-09	1.02E-09	1.02E-09	1.02E-09	1.02E-09	1.02E-09	1.02E-09	1.02E-09	1.02E-09	1.02E-09	1.02E-09	1.02E-09	1.02E-09	1.02E-09	1.02E-09
1.03E-09	1.03E-09	1.03E-09	1.03E-09	1.03E-09	1.03E-09	1.03E-09	1.03E-09	1.03E-09	1.03E-09	1.03E-09	1.03E-09	1.03E-09	1.03E-09	1.03E-09
1.04E-09	1.04E-09	1.04E-09	1.04E-09	1.04E-09	1.04E-09	1.04E-09	1.04E-09	1.04E-09	1.04E-09	1.04E-09	1.04E-09	1.04E-09	1.04E-09	1.04E-09
1.05E-09	1.05E-09	1.05E-09	1.05E-09	1.05E-09	1.05E-09	1.05E-09	1.05E-09	1.05E-09	1.05E-09	1.05E-09	1.05E-09	1.05E-09	1.05E-09	1.05E-09
1.06E-09	1.06E-09	1.06E-09	1.06E-09	1.06E-09	1.06E-09	1.06E-09	1.06E-09	1.06E-09	1.06E-09	1.06E-09	1.06E-09	1.06E-09	1.06E-09	1.06E-09
1.07E-09	1.07E-09	1.07E-09	1.07E-09	1.07E-09	1.07E-09	1.07E-09	1.07E-09	1.07E-09	1.07E-09	1.07E-09	1.07E-09	1.07E-09	1.07E-09	1.07E-09
1.08E-09	1.08E-09	1.08E-09	1.08E-09	1.08E-09	1.08E-09	1.08E-09	1.08E-09	1.08E-09	1.08E-09	1.08E-09	1.08E-09	1.08E-09	1.08E-09	1.08E-09
1.09E-09	1.09E-09	1.09E-09	1.09E-09	1.09E-09	1.09E-09	1.09E-09	1.09E-09	1.09E-09	1.09E-09	1.09E-09	1.09E-09	1.09E-09	1.09E-09	1.09E-09
1.1E-09	1.1E-09	1.1E-09	1.1E-09	1.1E-09	1.1E-09	1.1E-09	1.1E-09	1.1E-09	1.1E-09	1.1E-09	1.1E-09	1.1E-09	1.1E-09	1.1E-09
1.11E-09	1.11E-09	1.11E-09	1.11E-09	1.11E-09	1.11E-09	1.11E-09	1.11E-09	1.11E-09	1.11E-09	1.11E-09	1.11E-09	1.11E-09	1.11E-09	1.11E-09
1.12E-09	1.12E-09	1.12E-09	1.12E-09	1.12E-09	1.12E-09	1.12E-09	1.12E-09	1.12E-09	1.12E-09	1.12E-09	1.12E-09	1.12E-09	1.12E-09	1.12E-09
1.13E-09	1.13E-09	1.13E-09	1.13E-09	1.13E-09	1.13E-09	1.13E-09	1.13E-09	1.13E-09	1.13E-09	1.13E-09	1.13E-09	1.13E-09	1.13E-09	1.13E-09
1.14E-09	1.14E-09	1.14E-09	1.14E-09	1.14E-09	1.14E-09	1.14E-09	1.14E-09	1.14E-09	1.14E-09	1.14E-09	1.14E-09	1.14E-09	1.14E-09	1.14E-09
1.15E-09	1.15E-09	1.15E-09	1.15E-09	1.15E-09	1.15E-09	1.15E-09	1.15E-09	1.15E-09	1.15E-09	1.15E-09	1.15E-09	1.15E-09	1.15E-09	1.15E-09
1.16E-09	1.16E-09	1.16E-09	1.16E-09	1.16E-09	1.16E-09	1.16E-09	1.16E-09	1.16E-09	1.16E-09	1.16E-09	1.16E-09	1.16E-09	1.16E-09	1.16E-09
1.17E-09	1.17E-09	1.17E-09	1.17E-09	1.17E-09	1.17E-09	1.17E-09	1.17E-09	1.17E-09	1.17E-09	1.17E-09	1.17E-09	1.17E-09	1.17E-09	1.17E-09
1.18E-09	1.18E-09	1.18E-09	1.18E-09	1.18E-09	1.18E-09	1.18E-09	1.18E-09	1.18E-09	1.18E-09	1.18E-09	1.18E-09	1.18E-09	1.18E-09	1.18E-09
1.19E-09	1.19E-09	1.19E-09	1.19E-09	1.19E-09	1.19E-09	1.19E-09	1.19E-09	1.19E-09	1.19E-09	1.19E-09	1.19E-09	1.19E-09	1.19E-09	1.19E-09
1.2E-09	1.2E-09	1.2E-09	1.2E-09	1.2E-09	1.2E-09	1.2E-09	1.2E-09	1.2E-09	1.2E-09	1.2E-09	1.2E-09	1.2E-09	1.2E-09	1.2E-09
1.21E-09	1.21E-09	1.21E-09	1.21E-09	1.21E-09	1.21E-09	1.21E-09	1.21E-09	1.21E-09	1.21E-09	1.21E-09	1.21E-09	1.21E-09	1.21E-09	1.21E-09
1.22E-09	1.22E-09	1.22E-09	1.22E-09	1.22E-09	1.22E-09	1.22E-09	1.22E-09	1.22E-09	1.22E-09	1.22E-09	1.22E-09	1.22E-09	1.22E-09	1.22E-09
1.23E-09	1.23E-09	1.23E-09	1.23E-09	1.23E-09	1.23E-09	1.23E-09	1.23E-09	1.23E-09	1.23E-09	1.23E-09	1.23E-09	1.23E-09	1.23E-09	1.23E-09
1.24E-09	1.24E-09	1.24E-09	1.24E-09	1.24E-09	1.24E-09	1.24E-09	1.24E-09	1.24E-09	1.24E-09	1.24E-09	1.24E-09	1.24E-09	1.24E-09	1.24E-09
1.25E-09	1.25E-09	1.25E-09	1.25E-09	1.25E-09	1.25E-09	1.25E-09	1.25E-09	1.25E-09	1.25E-09	1.25E-09	1.25E-09	1.25E-09	1.25E-09	1.25E-09
1.26E-09	1.26E-09	1.26E-09	1.26E-09	1.26E-09	1.26E-09	1.26E-09	1.26E-09	1.26E-09	1.26E-09	1.26E-09	1.26E-09	1.26E-09	1.26E-09	1.26E-09
1.27E-09	1.27E-09	1.27E-09	1.27E-09	1.27E-09	1.27E-09	1.27E-09	1.27E-09	1.27E-09	1.27E-09	1.27E-09	1.27E-09	1.27E-09	1.27E-09	1.27E-09
1.28E-09	1.28E-09	1.28E-09	1.28E-09	1.28E-09	1.28E-09	1.28E-09	1.28E-09	1.28E-09	1.28E-09	1.28E-09	1.28E-09	1.28E-09	1.28E-09	1.28E-09
1.29E-09	1.29E-09	1.29E-09	1.29E-09	1.29E-09	1.29E-09	1.29E-09	1.29E-09	1.29E-09	1.29E-09	1.29E-09	1.29E-09	1.29E-09	1.29E-09	1.29E-09
1.3E-09	1.3E-09	1.3E-09	1.3E-09	1.3E-09	1.3E-09	1.3E-09	1.3E-09	1.3E-09	1.3E-09	1.3E-09	1.3E-09	1.3E-09	1.3E-09	1.3E-09
1.31E-09	1.31E-09	1.31E-09	1.31E-09	1.31E-09	1.31E-09	1.31E-09	1.31E-09	1.31E-09	1.31E-09	1.31E-09	1.31E-09	1.31E-09	1.31E-09	1.31E-09
1.32E-09	1.32E-09	1.32E-09	1.32E-09	1.32E-09	1.32E-09	1.32E-09	1.32E-09	1.32E-09	1.32E-09	1.32E-09	1.32E-09	1.32E-09	1.32E-09	1.32E-09
1.33E-09	1.33E-09	1.33E-09	1.33E-09	1.33E-09	1.33E-09	1.33E-09	1.33E-09	1.33E-09	1.33E-09	1.33E-09	1.33E-09	1.33E-09	1.33E-09	1.33E-09
1.34E-09	1.34E-09	1.34E-09	1.34E-09	1.34E-09	1.34E-09	1.34E-09	1.34E-09	1.34E-09	1.34E-09	1.34E-09	1.34E-09	1.34E-09	1.34E-09	1.34E-09
1.35E-09	1.35E-09	1.35E-09	1.35E-09	1.35E-09	1.35E-09	1.35E-09	1.35E-09	1.35E-09	1.35E-09	1.35E-09	1.35E-09	1.35E-09	1.35E-09	1.35E-09
1.36E-09	1.36E-09	1.36E-09	1.36E-09	1.36E-09	1.36E-09	1.36E-09	1.36E-09	1.36E-09	1.36E-09	1.36E-09	1.36E-09	1.36E-09	1.36E-09	1.36E-09
1.37E-09	1.37E-09	1.37E-09	1.37E-09	1.37E-09	1.37E-09	1.37E-09	1.37E-09	1.37E-09	1.37E-09	1.37E-09	1.37E-09	1.37E-09	1.37E-09	1.37E-09
1.38E-09	1.38E-09	1.38E-09	1.38E-09	1.38E-09	1.38E-09	1.38E-09	1.38E-09	1.38E-09	1.38E-09	1.38E-09	1.38E-09	1.38E-09	1.38E-09	1.38E-09
1.39E-09	1.39E-09	1.39E-09	1.39E-09	1.39E-09	1.39E-09	1.39E-09	1.39E-09	1.39E-09	1.39E-09	1.39E-09	1.39E-09	1.39E-09	1.39E-09	1.39E-09
1.4E-09	1.4E-09	1.4E-09	1.4E-09	1.4E-09	1.4E-09	1.4E-09	1.4E-09	1.4E-09	1.4E-09	1.4E-09	1.4E-09	1.4E-09	1.4E-09	1.4E-09
1.41E-09	1.41E-09	1.41E-09	1.41E-09	1.41E-09	1.41E-09	1.41E-09	1.41E-09	1.41E-09	1.41E-09	1.41E-09	1.41E-09	1.41E-09	1.41E-09	1.41E-09
1.42E-09	1.42E-09	1.42E-09	1.42E-09	1.42E-09	1.42E-09	1.42E-09	1.42E-09	1.42E-09	1.42E-09	1.42E-09	1.42E-09	1.42E-09	1.42E-09	1.42E-09
1.43E-09	1.43E-09	1.43E-09	1.43E-09	1.43E-09	1.43E-09	1.43E-09	1.43E-09	1.43E-09	1.43E-09	1.43E-09	1.43E-09	1.43E-09	1.43E-09	1.43E-09
1.44E-09	1.44E-09	1.44E-09	1.44E-09	1.44E-09	1.44E-09	1.44E-09	1.44E-09	1.44E-09	1.44E-09	1.44E-09	1.44E-09	1.44E-09	1.44E-09	1.44E-09
1.45E-09	1.45E-09	1.45E-09	1.45E-09	1.45E-09	1.45E-09	1.45E-09	1.45E-09	1.45E-09	1.45E-09	1.45E-09	1.45E-09	1.45E-09	1.45E-09	1.45E-09
1.46E-09	1.46E-09	1.46E-09	1.46E-09	1.46E-09	1.46E-09	1.46E-09	1.46E-09	1.46E-09	1.46E-09	1.46E-09	1.46E-09	1.46E-09	1.46E-09	1.46E-09
1.47E-09	1.47E-09	1.47E-09	1.47E-09	1.47E-09	1.47E-09	1.47E-09	1.47E-09	1.47E-09	1.47E-09	1.47E-09	1.47E-09	1.47E-09	1.47E-09	1.47E-09
1.48E-09	1.48E-09	1.48E-09	1.48E-09	1.48E-09	1.48E-09	1.48E-09	1.48E-09	1.48E-09	1.48E-09	1.48E-09	1.48E-09	1.48E-09	1.48E-09	1.48E-09
1.49E-09	1.49E-09	1.49E-09	1.49E-09	1.49E-09	1.49E-09	1.49E-09	1.49E-09	1.49E-09	1.49E-09	1.49E-09	1.49E-09	1.49E-09	1.49E-09	1.49E-09
1.5E-09	1.5E-09	1.5E-09	1.5E-09	1.5E-09	1.5E-09	1.5E-09	1.5E-09	1.5E-09	1.5E-09	1.5E-09	1.5E-09	1.5E-09	1.5E-09	1.5E-09
1.51E-09	1.51E-09	1.51E-09	1.51E-09	1.51E-09	1.51E-09	1.51E-09	1.51E-09	1.51E-09	1.51E-09	1.51E-09	1.51E-09	1.51E-09	1.51E-09	1.51E-09
1.52E-09	1.52E-09	1.52E-09	1.52E-09	1.52E-09	1.52E-09	1.52E-09	1.52E-09	1.52E-09	1.52E-09	1.52E-09	1.52E-09	1.52E-09	1.52E-09	1.52E-09
1.53E-09	1.53E-09	1.53E-09	1.53E-09	1.53E-09	1.53E-09	1.53E-09	1.53E-09	1.53E-09	1.53E-09	1.53E-09	1.53E-09	1.53E-09	1.53E-09	1.53E-09
1.54E-09	1.54E-09	1.54E-09	1.54E-09	1.54E-09	1.54E-09	1.54E-09	1.54E-09	1.54E-09	1.54E-09	1.54E-09	1.54E-09	1.54E-09	1.54E-09	1.54E-09
1.55E-09	1.55E-09	1.55E-09	1.55E-09	1.55E-09	1.55E-09	1.55E-09	1.55E-09	1.55E-09	1.55E-09	1.55E-09	1.55E-09	1.55E-09	1.55E-09	1.55E-09
1.56E-09	1.56E-09	1.56E-09	1.56E-09	1.56E-09	1.56E-09	1.56E-09	1.56E-09	1.56E-09	1.56E-09	1.56E-09	1.56E-09	1.56E-09	1.56E-09	1.56E-09
1.57E-09	1.57E-09	1.57E-09	1.57E-09	1.57E-09	1.57E-09	1.57E-09	1.57E-09	1.57E-09	1.57E-09	1.57E-09	1.57E-09	1.57E-09	1.57E-09	1.57E-09
1.58E-09	1.58E-09	1.58E-09	1.58E-09	1.58E-09	1.58E-09	1.58E-09	1.58E-09	1.58E-09	1.58E-09	1.58E-09	1.58E-09	1.58E-09	1.58E-09	1.58E-09
1.59E-09	1.59E-09	1.59E-09	1.59E-09	1.59E-09	1.59E-09	1.59E-09	1.59E-09	1.59E-09	1.59E-09	1.59E-09	1.59E-09	1.59E-09	1.59E-09	1.59E-09
1.6E-09	1.6E-09	1.6E-09	1.6E-09	1.6E-09	1.6E-09	1.6E-09	1.6E-09	1.6E-09	1.6E-09	1.6E-09	1.6E-09	1.6E-09	1.6E-09	1.6E-09
1.61E-09	1.61E-09	1.61E-09	1.61E-09	1.61E-09	1.61E-09	1.61E-09	1.61E-09	1.61E-09	1.61E-09	1.61E-09	1.61E-09	1.61E-09	1.61E-09	1.61E-09
1.62E-09	1.62E-09	1.62E-09	1.62E-09	1.62E-09	1.62E-09	1.62E-09	1.62E-09	1.62E-09	1.62E-09	1.62E-09	1.62E-09	1.62E-09	1.62E-09	1.62E-09
1.63E-09	1.63E-09	1.63E-09	1.63E-09	1.63E-09	1.63E-09	1.63E-09	1.63E-09	1.63E-09	1.63E-09	1.63E-09	1.63E-09	1.63E-09	1.63E-09	1.63E-09
1.64E-09	1.64E-09	1.64E-09	1.64E-09	1.64E-09	1.64E-09	1.64E-09	1.64E-09	1.64E-09	1.64E-09	1.64E-09	1.64E-09	1.64E-09	1.64E-09	1.64E-09
1.65E-09	1.65E-09	1.65E-09	1.65E-09	1.65E-09	1.65E-09	1.65E-09	1.65E-09	1.65E-09	1.65E-09	1.65E-09	1.65E-09	1.65E-09	1.65E-09	1.65E-09
1.66E-09	1.66E-09	1.66E-09	1.66E-09	1.66E-09	1.66E-09	1.66E-09	1.66E-09	1.66E-09	1.66E-09	1.66E-09	1.66E-09	1.66E-09	1.66E-09	1.66E-09
1.67E-09	1.67E-09	1.67E-09	1.67E-09	1.67E-09	1.67E-09	1.67E-09	1.67E-09	1.67E-09	1.67E-09	1.67E-09	1.67E-09	1.67E-09	1.67E-09	1.67E-09
1.68E-09	1.68E-09	1.68E-09	1.68E-09	1.68E-09	1.68E-09	1.68E-09	1.68E-09	1.68E-09	1.68E-09	1.68E-09	1.68E-09	1.68E-09	1.68E-09	1.68E-09
1.69E-09	1.69E-09	1.69E-09	1.69E-09	1.69E-09	1.69E-09	1.69E-09	1.69E-09	1.69E-09	1.69E-09	1.69E-09	1.69E-09	1.69E-09	1.69E-09	1.69E-09
1.7E-09	1.7E-09	1.7E-09	1.7E-09	1.7E-09	1.7E-09	1.7E-09	1.7E-09	1.7E-09	1.7E-09	1.7E-09	1.7E-09	1.7E-09	1.7E-09	1.7E-09
1.71E-09	1.71E-09	1.71E-09	1.71E-09	1.71E-09	1.71E-09	1.71E-09	1.71E-09	1.71E-09	1.71E-09	1.71E-09	1.71E-09	1.71E-09	1.71E-09	1.71E-09
1.72E-09	1.72E-09	1.72E-09	1.72E-09	1.72E-09	1.72E-09	1.72E-09	1.72E-09	1.72E-09	1.72E-09	1.72E-09	1.72E-09	1.72E-09	1.72E-09	1.72E-09
1.73E-09	1.73E-09	1.73E-09	1.73E-09	1.73E-09	1.73E-09	1.73E-09	1.73E-09	1.73E-09	1.73E-09	1.73E-09	1.73E-09	1.73E-09	1.73E-09	1.73E-09
1.74E-09	1.74E-09	1.74E-09	1.74E-09	1.74E-09	1.74E-09	1.74E-09	1.74E-09	1.74E-09	1.74E-09	1.74E-09	1.74E-09	1.74E-09	1.74E-09	1.74E-09
1.75E-09	1.75E-09	1.75E-09	1.75E-09	1.75E-09	1.75E-09	1.75E-09	1.75E-09	1.75E-09	1.75E-09	1.75E-09	1.75E-09	1.75E-09	1.75E-09	1.75E-09
1.76E-09	1.76E-09	1.76E-09	1.76E-09	1.76E-09	1.76E-09	1.76E-09	1.76E-09	1.76E-09	1.76E-09	1.76E-09	1.76E-09	1.76E-09	1.76E-09	1.76E-09
1.77E-09	1.77E-09	1.77E-09	1.77E-09	1.77E-09	1.77E-09	1.77E-09	1.77E-09	1.77E-09	1.77E-09	1.77E-09	1.77E-09	1.77E-09	1.77E-09	1.77E-09
1.78E-09	1.78E-09	1.78E-09	1.78E-09	1.78E-09	1.78E-09	1.78E-09	1.78E-09	1.78E-09	1.78E-09	1.78E-09	1.78E-09	1.78E-09	1.78E-09	1.78E-09
1.79E-09	1.79E-09	1.79E-09	1.79E-09	1.79E-09	1.79E-09	1.79E-09	1.79E-09	1.79E-09	1.79E-09	1.79E-09	1.79E-09	1.79E-09	1.79E-09	1.79E-09
1.8E-09	1.8E-09	1.8E-09	1.8E-09	1.8E-09	1.8E-09	1.8E-09	1.8E-09	1.8E-09	1.8E-09	1.8E-09	1.8E-09	1.8E-09	1.8E-09	1.8E-09
1.81E-09	1.81E-09	1.81E-09	1.81E-09	1.81E-09	1.81E-09	1.81E-09	1.81E-09	1.81E-09	1.81E-09	1.81E-09	1.81E-09	1.81E-09	1.81E-09	1.81E-09
1.82E-09	1.82E-09	1.82E-09	1.82E-09	1.82E-09	1.82E-09	1.82E-09	1.82E-09	1.82E-09	1.82E-09	1.82E-09	1.82E-09	1.82E-09	1.82E-09	1.82E-09
1.83E-09	1.83E-09	1.83E-09	1.83E-09	1.83E-09	1.83E-09	1.83E-09	1.83E-09	1.83E-09	1.83E-09	1.83E-09	1.83E-09	1.83E-09	1.83E-09	1.83E-09
1.84E-09	1.84E-09	1.84E-09	1.84E-09	1.84E-09	1.84E-09	1.84E-09	1.84E-09	1.84E-09	1.84E-09	1.84E-09	1.84E-09	1.84E-09	1.84E-09	1.84E-09
1.85E-09	1.85E-09	1.85E-09	1.85E-09	1.85E-09	1.85E-09	1.85E-09	1.85E-09	1.85E-09	1.85E-09	1.85E-09	1.85E-09	1.85E-09	1.85E-09	1.85E-09
1.86E-09	1.86E-09	1.86E-09	1.86E-09	1.86E-09	1.86E-09	1.86E-09	1.86E-09	1.86E-09	1.86E-09	1.86E-09	1.86E-09	1.86E-09	1.86E-09	1.86E-09
1.87E-09	1.87E-09	1.87E-09	1.87E-09	1.87E-09	1.87E-09	1.87E-09	1.87E-09	1.87E-09	1.87E-09	1.87E-09	1.87E-09	1.87E-09	1.87E-09	1.87E-09
1.88E-09	1.88E-09	1.88E-09	1.88E-09	1.88E-09	1.88E-09	1.88E-09	1.88E-09	1.88E-09	1.88E-09	1.88E-09	1.88E-09	1.88E-09	1.88E-09	1.88E-09
1.89E-09	1.89E-09	1.89E-09	1.89E-09	1.89E-09	1.89E-09	1.89E-09	1.89E-09	1.89E-09	1.89E-09	1.89E-09	1.89E-09	1.89E-09	1.89E-09	1.89E-09
1.9E-09	1.9E-09	1.9E-09	1.9E-09	1.9E-09	1.9E-09	1.9E-09	1.9E-09	1.9E-09	1.9E-09	1.9E-09	1.9E-09	1.9E-09	1.9E-09	1.9E-09
1.91E-09	1.91E-09	1.91E-09	1.91E-09	1.91E-09	1.91E-09	1.91E-09	1.91E-09	1.91E-09	1.91E-09	1.91E-09	1.91E-09	1.91E-09	1.91E-09	1.91E-09
1.92E-09	1.92E-09	1.92E-09	1.92E-09	1.92E-09	1.92E-09	1.92E-09	1.92E-09	1.92E-09	1.92E-09	1.92E-09	1.92E-09	1.92E-09	1.92E-09	1.92E-09
1.93E-09	1.93E-09	1.93E-09	1.93E-09	1.93E-09	1.93E-09	1.93E-09	1.93E-09	1.93E-09	1.93E-09	1.93E-09	1.93E-09	1.93E-09	1.93E-09	1.93E-09
1.94E-09	1.94E-09	1.94E-09	1.94E-09	1.94E-09	1.94E-09	1.94E-09	1.94E-09	1.94E-09	1.94E-09	1.94E-09	1.94E-09	1.94E-09	1.94E-09	1.94E-09
1.95E-09	1.95E-09	1.95E-09	1.95E-09	1.95E-09	1.95E-09	1.95E-09	1.95E-09	1.95E-09	1.95E-09	1.95E-09	1.95E-09	1.95E-09	1.95E-09	1.95E-09
1.96E-09	1.96E-09	1.96E-09	1.96E-09	1.96E-09	1.96E-09	1.96E-09	1.96E-09	1.96E-09	1.96E-09	1.96E-09	1.96E-09	1.96E-09	1.96E-09	1.96E-09
1.97E-09	1.97E-09	1.97E-09	1.97E-09	1.97E-09	1.97E-09	1.97E-09	1.97E-09	1.97E-09	1.97E-09	1.97E-09	1.97E-09	1.97E-09	1.97E-09	1.97E-09
1.98E-09	1.98E-09	1.98E-09	1.98E-09	1.98E-09	1.98E-09	1.98E-09	1.98E-09	1.98E-09	1.98E-09	1.98E-09	1.98E-09	1.98E-09	1.98E-09	1.98E-09
1.99E-09	1.99E-09	1.99E-09	1.99E-09	1.99E-09	1.99E-09	1.99E-09	1.99E-09	1.99E-09	1.99E-09	1.99E-09	1.99E-09	1.99E-09	1.99E-09	1.99E-09
0.000000002	0.000000002	0.000000002	0.000000002	0.000000002	0.000000002	0.000000002	0.000000002	0.000000002	0.000000002	0.000000002	0.000000002	0.000000002	0.000000002	0.000000002
2.01E-09	2.01E-09	2.01E-09	2.01E-09	2.01E-09	2.01E-09	2.01E-09	2.01E-09	2.01E-09	2.01E-09	2.01E-09	2.01E-09	2.01E-09	2.01E-09	2.01E-09
2.02E-09	2.02E-09	2.02E-09	2.02E-09	2.02E-09	2.02E-09	2.02E-09	2.02E-09	2.02E-09	2.02E-09	2.02E-09	2.02E-09	2.02E-09	2.02E-09	2.02E-09
2.03E-09	2.03E-09	2.03E-09	2.03E-09	2.03E-09	2.03E-09	2.03E-09	2.03E-09	2.03E-09	2.03E-09	2.03E-09	2.03E-09	2.03E-09	2.03E-09	2.03E-09
2.04E-09	2.04E-09	2.04E-09	2.04E-09	2.04E-09	2.04E-09	2.04E-09	2.04E-09	2.04E-09	2.04E-09	2.04E-09	2.04E-09	2.04E-09	2.04E-09	2.04E-09
2.05E-09	2.05E-09	2.05E-09	2.05E-09	2.05E-09	2.05E-09	2.05E-09	2.05E-09	2.05E-09	2.05E-09	2.05E-09	2.05E-09	2.05E-09	2.05E-09	2.05E-09
2.06E-09	2.06E-09	2.06E-09	2.06E-09	2.06E-09	2.06E-09	2.06E-09	2.06E-09	2.06E-09	2.06E-09	2.06E-09	2.06E-09	2.06E-09	2.06E-09	2.06E-09
2.07E-09	2.07E-09	2.07E-09	2.07E-09	2.07E-09	2.07E-09	2.07E-09	2.07E-09	2.07E-09	2.07E-09	2.07E-09	2.07E-09	2.07E-09	2.07E-09	2.07E-09
2.08E-09	2.08E-09	2.08E-09	2.08E-09	2.08E-09	2.08E-09	2.08E-09	2.08E-09	2.08E-09	2.08E-09	2.08E-09	2.08E-09	2.08E-09	2.08E-09	2.08E-09
2.09E-09	2.09E-09	2.09E-09	2.09E-09	2.09E-09	2.09E-09	2.09E-09	2.09E-09	2.09E-09	2.09E-09	2.09E-09	2.09E-09	2.09E-09	2.09E-09	2.09E-09
2.1E-09	2.1E-09	2.1E-09	2.1E-09	2.1E-09	2.1E-09	2.1E-09	2.1E-09	2.1E-09	2.1E-09	2.1E-09	2.1E-09	2.1E-09	2.1E-09	2.1E-09
2.11E-09	2.11E-09	2.11E-09	2.11E-09	2.11E-09	2.11E-09	2.11E-09	2.11E-09	2.11E-09	2.11E-09	2.11E-09	2.11E-09	2.11E-09	2.11E-09	2.11E-09
2.12E-09	2.12E-09	2.12E-09	2.12E-09	2.12E-09	2.12E-09	2.12E-09	2.12E-09	2.12E-09	2.12E-09	2.12E-09	2.12E-09	2.12E-09	2.12E-09	2.12E-09
2.13E-09	2.13E-09	2.13E-09	2.13E-09	2.13E-09	2.13E-09	2.13E-09	2.13E-09	2.13E-09	2.13E-09	2.13E-09	2.13E-09	2.13E-09	2.13E-09	2.13E-09
2.14E-09	2.14E-09	2.14E-09	2.14E-09	2.14E-09	2.14E-09	2.14E-09	2.14E-09	2.14E-09	2.14E-09	2.14E-09	2.14E-09	2.14E-09	2.14E-09	2.14E-09
2.15E-09	2.15E-09	2.15E-09	2.15E-09	2.15E-09	2.15E-09	2.15E-09	2.15E-09	2.15E-09	2.15E-09	2.15E-09	2.15E-09	2.15E-09	2.15E-09	2.15E-09
2.16E-09	2.16E-09	2.16E-09	2.16E-09	2.16E-09	2.16E-09	2.16E-09	2.16E-09	2.16E-09	2.16E-09	2.16E-09	2.16E-09	2.16E-09	2.16E-09	2.16E-09
2.17E-09	2.17E-09	2.17E-09	2.17E-09	2.17E-09	2.17E-09	2.17E-09	2.17E-09	2.17E-09	2.17E-09	2.17E-09	2.17E-09	2.17E-09	2.17E-09	2.17E-09
2.18E-09	2.18E-09	2.18E-09	2.18E-09	2.18E-09	2.18E-09	2.18E-09	2.18E-09	2.18E-09	2.18E-09	2.18E-09	2.18E-09	2.18E-09	2.18E-09	2.18E-09
2.19E-09	2.19E-09	2.19E-09	2.19E-09	2.19E-09	2.19E-09	2.19E-09	2.19E-09	2.19E-09	2.19E-09	2.19E-09	2.19E-09	2.19E-09	2.19E-09	2.19E-09
2.2E-09	2.2E-09	2.2E-09	2.2E-09	2.2E-09	2.2E-09	2.2E-09	2.2E-09	2.2E-09	2.2E-09	2.2E-09	2.2E-09	2.2E-09	2.2E-09	2.2E-09
2.21E-09	2.21E-09	2.21E-09	2.21E-09	2.21E-09	2.21E-09	2.21E-09	2.21E-09	2.21E-09	2.21E-09	2.21E-09	2.21E-09	2.21E-09	2.21E-09	2.21E-09
2.22E-09	2.22E-09	2.22E-09	2.22E-09	2.22E-09	2.22E-09	2.22E-09	2.22E-09	2.22E-09	2.22E-09	2.22E-09	2.22E-09	2.22E-09	2.22E-09	2.22E-09
2.23E-09	2.23E-09	2.23E-09	2.23E-09	2.23E-09	2.23E-09	2.23E-09	2.23E-09	2.23E-09	2.23E-09	2.23E-09	2.23E-09	2.23E-09	2.23E-09	2.23E-09
2.24E-09	2.24E-09	2.24E-09	2.24E-09	2.24E-09	2.24E-09	2.24E-09	2.24E-09	2.24E-09	2.24E-09	2.24E-09	2.24E-09	2.24E-09	2.24E-09	2.24E-09
2.25E-09	2.25E-09	2.25E-09	2.25E-09	2.25E-09	2.25E-09	2.25E-09	2.25E-09	2.25E-09	2.25E-09	2.25E-09	2.25E-09	2.25E-09	2.25E-09	2.25E-09
2.26E-09	2.26E-09	2.26E-09	2.26E-09	2.26E-09	2.26E-09	2.26E-09	2.26E-09	2.26E-09	2.26E-09	2.26E-09	2.26E-09	2.26E-09	2.26E-09	2.26E-09
2.27E-09	2.27E-09	2.27E-09	2.27E-09	2.27E-09	2.27E-09	2.27E-09	2.27E-09	2.27E-09	2.27E-09	2.27E-09	2.27E-09	2.27E-09	2.27E-09	2.27E-09
2.28E-09	2.28E-09	2.28E-09	2.28E-09	2.28E-09	2.28E-09	2.28E-09	2.28E-09	2.28E-09	2.28E-09	2.28E-09	2.28E-09	2.28E-09	2.28E-09	2.28E-09
2.29E-09	2.29E-09	2.29E-09	2.29E-09	2.29E-09	2.29E-09	2.29E-09	2.29E-09	2.29E-09	2.29E-09	2.29E-09	2.29E-09	2.29E-09	2.29E-09	2.29E-09
2.3E-09	2.3E-09	2.3E-09	2.3E-09	2.3E-09	2.3E-09	2.3E-09	2.3E-09	2.3E-09	2.3E-09	2.3E-09	2.3E-09	2.3E-09	2.3E-09	2.3E-09
2.31E-09	2.31E-09	2.31E-09	2.31E-09	2.31E-09	2.31E-09	2.31E-09	2.31E-09	2.31E-09	2.31E-09	2.31E-09	2.31E-09	2.31E-09	2.31E-09	2.31E-09
2.32E-09	2.32E-09	2.32E-09	2.32E-09	2.32E-09	2.32E-09	2.32E-09	2.32E-09	2.32E-09	2.32E-09	2.32E-09	2.32E-09	2.32E-09	2.32E-09	2.32E-09
2.33E-09	2.33E-09	2.33E-09	2.33E-09	2.33E-09	2.33E-09	2.33E-09	2.33E-09	2.33E-09	2.33E-09	2.33E-09	2.33E-09	2.33E-09	2.33E-09	2.33E-09
2.34E-09	2.34E-09	2.34E-09	2.34E-09	2.34E-09	2.34E-09	2.34E-09	2.34E-09	2.34E-09	2.34E-09	2.34E-09	2.34E-09	2.34E-09	2.34E-09	2.34E-09
2.35E-09	2.35E-09	2.35E-09	2.35E-09	2.35E-09	2.35E-09	2.35E-09	2.35E-09	2.35E-09	2.35E-09	2.35E-09	2.35E-09	2.35E-09	2.35E-09	2.35E-09
2.36E-09	2.36E-09	2.36E-09	2.36E-09	2.36E-09	2.36E-09	2.36E-09	2.36E-09	2.36E-09	2.36E-09	2.36E-09	2.36E-09	2.36E-09	2.36E-09	2.36E-09
2.37E-09	2.37E-09	2.37E-09	2.37E-09	2.37E-09	2.37E-09	2.37E-09	2.37E-09	2.37E-09	2.37E-09	2.37E-09	2.37E-09	2.37E-09	2.37E-09	2.37E-09
2.38E-09	2.38E-09	2.38E-09	2.38E-09	2.38E-09	2.38E-09	2.38E-09	2.38E-09	2.38E-09	2.38E-09	2.38E-09	2.38E-09	2.38E-09	2.38E-09	2.38E-09
2.39E-09	2.39E-09	2.39E-09	2.39E-09	2.39E-09	2.39E-09	2.39E-09	2.39E-09	2.39E-09	2.39E-09	2.39E-09	2.39E-09	2.39E-09	2.39E-09	2.39E-09
2.4E-09	2.4E-09	2.4E-09	2.4E-09	2.4E-09	2.4E-09	2.4E-09	2.4E-09	2.4E-09	2.4E-09	2.4E-09	2.4E-09	2.4E-09	2.4E-09	2.4E-09
2.41E-09	2.41E-09	2.41E-09	2.41E-09	2.41E-09	2.41E-09	2.41E-09	2.41E-09	2.41E-09	2.41E-09	2.41E-09	2.41E-09	2.41E-09	2.41E-09	2.41E-09
2.42E-09	2.42E-09	2.42E-09	2.42E-09	2.42E-09	2.42E-09	2.42E-09	2.42E-09	2.42E-09	2.42E-09	2.42E-09	2.42E-09	2.42E-09	2.42E-09	2.42E-09
2.43E-09	2.43E-09	2.43E-09	2.43E-09	2.43E-09	2.43E-09	2.43E-09	2.43E-09	2.43E-09	2.43E-09	2.43E-09	2.43E-09	2.43E-09	2.43E-09	2.43E-09
2.44E-09	2.44E-09	2.44E-09	2.44E-09	2.44E-09	2.44E-09	2.44E-09	2.44E-09	2.44E-09	2.44E-09	2.44E-09	2.44E-09	2.44E-09	2.44E-09	2.44E-09
2.45E-09	2.45E-09	2.45E-09	2.45E-09	2.45E-09	2.45E-09	2.45E-09	2.45E-09	2.45E-09	2.45E-09	2.45E-09	2.45E-09	2.45E-09	2.45E-09	2.45E-09
2.46E-09	2.46E-09	2.46E-09	2.46E-09	2.46E-09	2.46E-09	2.46E-09	2.46E-09	2.46E-09	2.46E-09	2.46E-09	2.46E-09	2.46E-09	2.46E-09	2.46E-09
2.47E-09	2.47E-09	2.47E-09	2.47E-09	2.47E-09	2.47E-09	2.47E-09	2.47E-09	2.47E-09	2.47E-09	2.47E-09	2.47E-09	2.47E-09	2.47E-09	2.47E-09
2.48E-09	2.48E-09	2.48E-09	2.48E-09	2.48E-09	2.48E-09	2.48E-09	2.48E-09	2.48E-09	2.48E-09	2.48E-09	2.48E-09	2.48E-09	2.48E-09	2.48E-09
2.49E-09	2.49E-09	2.49E-09	2.49E-09	2.49E-09	2.49E-09	2.49E-09	2.49E-09	2.49E-09	2.49E-09	2.49E-09	2.49E-09	2.49E-09	2.49E-09	2.49E-09
2.5E-09	2.5E-09	2.5E-09	2.5E-09	2.5E-09	2.5E-09	2.5E-09	2.5E-09	2.5E-09	2.5E-09	2.5E-09	2.5E-09	2.5E-09	2.5E-09	2.5E-09
2.51E-09	2.51E-09	2.51E-09	2.51E-09	2.51E-09	2.51E-09	2.51E-09	2.51E-09	2.51E-09	2.51E-09	2.51E-09	2.51E-09	2.51E-09	2.51E-09	2.51E-09
2.52E-09	2.52E-09	2.52E-09	2.52E-09	2.52E-09	2.52E-09	2.52E-09	2.52E-09	2.52E-09	2.52E-09	2.52E-09	2.52E-09	2.52E-09	2.52E-09	2.52E-09
2.53E-09	2.53E-09	2.53E-09	2.53E-09	2.53E-09	2.53E-09	2.53E-09	2.53E-09	2.53E-09	2.53E-09	2.53E-09	2.53E-09	2.53E-09	2.53E-09	2.53E-09
2.54E-09	2.54E-09	2.54E-09	2.54E-09	2.54E-09	2.54E-09	2.54E-09	2.54E-09	2.54E-09	2.54E-09	2.54E-09	2.54E-09	2.54E-09	2.54E-09	2.54E-09
2.55E-09	2.55E-09	2.55E-09	2.55E-09	2.55E-09	2.55E-09	2.55E-09	2.55E-09	2.55E-09	2.55E-09	2.55E-09	2.55E-09	2.55E-09	2.55E-09	2.55E-09
2.56E-09	2.56E-09	2.56E-09	2.56E-09	2.56E-09	2.56E-09	2.56E-09	2.56E-09	2.56E-09	2.56E-09	2.56E-09	2.56E-09	2.56E-09	2.56E-09	2.56E-09
2.57E-09	2.57E-09	2.57E-09	2.57E-09	2.57E-09	2.57E-09	2.57E-09	2.57E-09	2.57E-09	2.57E-09	2.57E-09	2.57E-09	2.57E-09	2.57E-09	2.57E-09
2.58E-09	2.58E-09	2.58E-09	2.58E-09	2.58E-09	2.58E-09	2.58E-09	2.58E-09	2.58E-09	2.58E-09	2.58E-09	2.58E-09	2.58E-09	2.58E-09	2.58E-09
2.59E-09	2.59E-09	2.59E-09	2.59E-09	2.59E-09	2.59E-09	2.59E-09	2.59E-09	2.59E-09	2.59E-09	2.59E-09	2.59E-09	2.59E-09	2.59E-09	2.59E-09
2.6E-09	2.6E-09	2.6E-09	2.6E-09	2.6E-09	2.6E-09	2.6E-09	2.6E-09	2.6E-09	2.6E-09	2.6E-09	2.6E-09	2.6E-09	2.6E-09	2.6E-09
2.61E-09	2.61E-09	2.61E-09	2.61E-09	2.61E-09	2.61E-09	2.61E-09	2.61E-09	2.61E-09	2.61E-09	2.61E-09	2.61E-09	2.61E-09	2.61E-09	2.61E-09
2.62E-09	2.62E-09	2.62E-09	2.62E-09	2.62E-09	2.62E-09	2.62E-09	2.62E-09	2.62E-09	2.62E-09	2.62E-09	2.62E-09	2.62E-09	2.62E-09	2.62E-09
2.63E-09	2.63E-09	2.63E-09	2.63E-09	2.63E-09	2.63E-09	2.63E-09	2.63E-09	2.63E-09	2.63E-09	2.63E-09	2.63E-09	2.63E-09	2.63E-09	2.63E-09
2.64E-09	2.64E-09	2.64E-09	2.64E-09	2.64E-09	2.64E-09	2.64E-09	2.64E-09	2.64E-09	2.64E-09	2.64E-09	2.64E-09	2.64E-09	2.64E-09	2.64E-09
2.65E-09	2.65E-09	2.65E-09	2.65E-09	2.65E-09	2.65E-09	2.65E-09	2.65E-09	2.65E-09	2.65E-09	2.65E-09	2.65E-09	2.65E-09	2.65E-09	2.65E-09
2.66E-09	2.66E-09	2.66E-09	2.66E-09	2.66E-09	2.66E-09	2.66E-09	2.66E-09	2.66E-09	2.66E-09	2.66E-09	2.66E-09	2.66E-09	2.66E-09	2.66E-09
2.67E-09	2.67E-09	2.67E-09	2.67E-09	2.67E-09	2.67E-09	2.67E-09	2.67E-09	2.67E-09	2.67E-09	2.67E-09	2.67E-09	2.67E-09	2.67E-09	2.67E-09
2.68E-09	2.68E-09	2.68E-09	2.68E-09	2.68E-09	2.68E-09	2.68E-09	2.68E-09	2.68E-09	2.68E-09	2.68E-09	2.68E-09	2.68E-09	2.68E-09	2.68E-09
2.69E-09	2.69E-09	2.69E-09	2.69E-09	2.69E-09	2.69E-09	2.69E-09	2.69E-09	2.69E-09	2.69E-09	2.69E-09	2.69E-09	2.69E-09	2.69E-09	2.69E-09
2.7E-09	2.7E-09	2.7E-09	2.7E-09	2.7E-09	2.7E-09	2.7E-09	2.7E-09	2.7E-09	2.7E-09	2.7E-09	2.7E-09	2.7E-09	2.7E-09	2.7E-09
2.71E-09	2.71E-09	2.71E-09	2.71E-09	2.71E-09	2.71E-09	2.71E-09	2.71E-09	2.71E-09	2.71E-09	2.71E-09	2.71E-09	2.71E-09	2.71E-09	2.71E-09
2.72E-09	2.72E-09	2.72E-09	2.72E-09	2.72E-09	2.72E-09	2.72E-09	2.72E-09	2.72E-09	2.72E-09	2.72E-09	2.72E-09	2.72E-09	2.72E-09	2.72E-09
2.73E-09	2.73E-09	2.73E-09	2.73E-09	2.73E-09	2.73E-09	2.73E-09	2.73E-09	2.73E-09	2.73E-09	2.73E-09	2.73E-09	2.73E-09	2.73E-09	2.73E-09
2.74E-09	2.74E-09	2.74E-09	2.74E-09	2.74E-09	2.74E-09	2.74E-09	2.74E-09	2.74E-09	2.74E-09	2.74E-09	2.74E-09	2.74E-09	2.74E-09	2.74E-09
2.75E-09	2.75E-09	2.75E-09	2.75E-09	2.75E-09	2.75E-09	2.75E-09	2.75E-09	2.75E-09	2.75E-09	2.75E-09	2.75E-09	2.75E-09	2.75E-09	2.75E-09
2.76E-09	2.76E-09	2.76E-09	2.76E-09	2.76E-09	2.76E-09	2.76E-09	2.76E-09	2.76E-09	2.76E-09	2.76E-09	2.76E-09	2.76E-09	2.76E-09	2.76E-09
2.77E-09	2.77E-09	2.77E-09	2.77E-09	2.77E-09	2.77E-09	2.77E-09	2.77E-09	2.77E-09	2.77E-09	2.77E-09	2.77E-09	2.77E-09	2.77E-09	2.77E-09
2.78E-09	2.78E-09	2.78E-09	2.78E-09	2.78E-09	2.78E-09	2.78E-09	2.78E-09	2.78E-09	2.78E-09	2.78E-09	2.78E-09	2.78E-09	2.78E-09	2.78E-09
2.79E-09	2.79E-09	2.79E-09	2.79E-09	2.79E-09	2.79E-09	2.79E-09	2.79E-09	2.79E-09	2.79E-09	2.79E-09	2.79E-09	2.79E-09	2.79E-09	2.79E-09
2.8E-09	2.8E-09	2.8E-09	2.8E-09	2.8E-09	2.8E-09	2.8E-09	2.8E-09	2.8E-09	2.8E-09	2.8E-09	2.8E-09	2.8E-09	2.8E-09	2.8E-09
2.81E-09	2.81E-09	2.81E-09	2.81E-09	2.81E-09	2.81E-09	2.81E-09	2.81E-09	2.81E-09	2.81E-09	2.81E-09	2.81E-09	2.81E-09	2.81E-09	2.81E-09
2.82E-09	2.82E-09	2.82E-09	2.82E-09	2.82E-09	2.82E-09	2.82E-09	2.82E-09	2.82E-09	2.82E-09	2.82E-09	2.82E-09	2.82E-09	2.82E-09	2.82E-09
2.83E-09	2.83E-09	2.83E-09	2.83E-09	2.83E-09	2.83E-09	2.83E-09	2.83E-09	2.83E-09	2.83E-09	2.83E-09	2.83E-09	2.83E-09	2.83E-09	2.83E-09
2.84E-09	2.84E-09	2.84E-09	2.84E-09	2.84E-09	2.84E-09	2.84E-09	2.84E-09	2.84E-09	2.84E-09	2.84E-09	2.84E-09	2.84E-09	2.84E-09	2.84E-09
2.85E-09	2.85E-09	2.85E-09	2.85E-09	2.85E-09	2.85E-09	2.85E-09	2.85E-09	2.85E-09	2.85E-09	2.85E-09	2.85E-09	2.85E-09	2.85E-09	2.85E-09
2.86E-09	2.86E-09	2.86E-09	2.86E-09	2.86E-09	2.86E-09	2.86E-09	2.86E-09	2.86E-09	2.86E-09	2.86E-09	2.86E-09	2.86E-09	2.86E-09	2.86E-09
2.87E-09	2.87E-09	2.87E-09	2.87E-09	2.87E-09	2.87E-09	2.87E-09	2.87E-09	2.87E-09	2.87E-09	2.87E-09	2.87E-09	2.87E-09	2.87E-09	2.87E-09
2.88E-09	2.88E-09	2.88E-09	2.88E-09	2.88E-09	2.88E-09	2.88E-09	2.88E-09	2.88E-09	2.88E-09	2.88E-09	2.88E-09	2.88E-09	2.88E-09	2.88E-09
2.89E-09	2.89E-09	2.89E-09	2.89E-09	2.89E-09	2.89E-09	2.89E-09	2.89E-09	2.89E-09	2.89E-09	2.89E-09	2.89E-09	2.89E-09	2.89E-09	2.89E-09
2.9E-09	2.9E-09	2.9E-09	2.9E-09	2.9E-09	2.9E-09	2.9E-09	2.9E-09	2.9E-09	2.9E-09	2.9E-09	2.9E-09	2.9E-09	2.9E-09	2.9E-09
2.91E-09	2.91E-09	2.91E-09	2.91E-09	2.91E-09	2.91E-09	2.91E-09	2.91E-09	2.91E-09	2.91E-09	2.91E-09	2.91E-09	2.91E-09	2.91E-09	2.91E-09
2.92E-09	2.92E-09	2.92E-09	2.92E-09	2.92E-09	2.92E-09	2.92E-09	2.92E-09	2.92E-09	2.92E-09	2.92E-09	2.92E-09	2.92E-09	2.92E-09	2.92E-09
2.93E-09	2.93E-09	2.93E-09	2.93E-09	2.93E-09	2.93E-09	2.93E-09	2.93E-09	2.93E-09	2.93E-09	2.93E-09	2.93E-09	2.93E-09	2.93E-09	2.93E-09
2.94E-09	2.94E-09	2.94E-09	2.94E-09	2.94E-09	2.94E-09	2.94E-09	2.94E-09	2.94E-09	2.94E-09	2.94E-09	2.94E-09	2.94E-09	2.94E-09	2.94E-09
2.95E-09	2.95E-09	2.95E-09	2.95E-09	2.95E-09	2.95E-09	2.95E-09	2.95E-09	2.95E-09	2.95E-09	2.95E-09	2.95E-09	2.95E-09	2.95E-09	2.95E-09
2.96E-09	2.96E-09	2.96E-09	2.96E-09	2.96E-09	2.96E-09	2.96E-09	2.96E-09	2.96E-09	2.96E-09	2.96E-09	2.96E-09	2.96E-09	2.96E-09	2.96E-09
2.97E-09	2.97E-09	2.97E-09	2.97E-09	2.97E-09	2.97E-09	2.97E-09	2.97E-09	2.97E-09	2.97E-09	2.97E-09	2.97E-09	2.97E-09	2.97E-09	2.97E-09
2.98E-09	2.98E-09	2.98E-09	2.98E-09	2.98E-09	2.98E-09	2.98E-09	2.98E-09	2.98E-09	2.98E-09	2.98E-09	2.98E-09	2.98E-09	2.98E-09	2.98E-09
2.99E-09	2.99E-09	2.99E-09	2.99E-09	2.99E-09	2.99E-09	2.99E-09	2.99E-09	2.99E-09	2.99E-09	2.99E-09	2.99E-09	2.99E-09	2.99E-09	2.99E-09
0.000000003	0.000000003	0.000000003	0.000000003	0.000000003	0.000000003	0.000000003	0.000000003	0.000000003	0.000000003	0.000000003	0.000000003	0.000000003	0.000000003	0.000000003
3.01E-09	3.01E-09	3.01E-09	3.01E-09	3.01E-09	3.01E-09	3.01E-09	3.01E-09	3.01E-09	3.01E-09	3.01E-09	3.01E-09	3.01E-09	3.01E-09	3.01E-09
3.02E-09	3.02E-09	3.02E-09	3.02E-09	3.02E-09	3.02E-09	3.02E-09	3.02E-09	3.02E-09	3.02E-09	3.02E-09	3.02E-09	3.02E-09	3.02E-09	3.02E-09
3.03E-09	3.03E-09	3.03E-09	3.03E-09	3.03E-09	3.03E-09	3.03E-09	3.03E-09	3.03E-09	3.03E-09	3.03E-09	3.03E-09	3.03E-09	3.03E-09	3.03E-09
3.04E-09	3.04E-09	3.04E-09	3.04E-09	3.04E-09	3.04E-09	3.04E-09	3.04E-09	3.04E-09	3.04E-09	3.04E-09	3.04E-09	3.04E-09	3.04E-09	3.04E-09
3.05E-09	3.05E-09	3.05E-09	3.05E-09	3.05E-09	3.05E-09	3.05E-09	3.05E-09	3.05E-09	3.05E-09	3.05E-09	3.05E-09	3.05E-09	3.05E-09	3.05E-09
3.06E-09	3.06E-09	3.06E-09	3.06E-09	3.06E-09	3.06E-09	3.06E-09	3.06E-09	3.06E-09	3.06E-09	3.06E-09	3.06E-09	3.06E-09	3.06E-09	3.06E-09
3.07E-09	3.07E-09	3.07E-09	3.07E-09	3.07E-09	3.07E-09	3.07E-09	3.07E-09	3.07E-09	3.07E-09	3.07E-09	3.07E-09	3.07E-09	3.07E-09	3.07E-09
3.08E-09	3.08E-09	3.08E-09	3.08E-09	3.08E-09	3.08E-09	3.08E-09	3.08E-09	3.08E-09	3.08E-09	3.08E-09	3.08E-09	3.08E-09	3.08E-09	3.08E-09
3.09E-09	3.09E-09	3.09E-09	3.09E-09	3.09E-09	3.09E-09	3.09E-09	3.09E-09	3.09E-09	3.09E-09	3.09E-09	3.09E-09	3.09E-09	3.09E-09	3.09E-09
3.1E-09	3.1E-09	3.1E-09	3.1E-09	3.1E-09	3.1E-09	3.1E-09	3.1E-09	3.1E-09	3.1E-09	3.1E-09	3.1E-09	3.1E-09	3.1E-09	3.1E-09
3.11E-09	3.11E-09	3.11E-09	3.11E-09	3.11E-09	3.11E-09	3.11E-09	3.11E-09	3.11E-09	3.11E-09	3.11E-09	3.11E-09	3.11E-09	3.11E-09	3.11E-09
3.12E-09	3.12E-09	3.12E-09	3.12E-09	3.12E-09	3.12E-09	3.12E-09	3.12E-09	3.12E-09	3.12E-09	3.12E-09	3.12E-09	3.12E-09	3.12E-09	3.12E-09
3.13E-09	3.13E-09	3.13E-09	3.13E-09	3.13E-09	3.13E-09	3.13E-09	3.13E-09	3.13E-09	3.13E-09	3.13E-09	3.13E-09	3.13E-09	3.13E-09	3.13E-09
3.14E-09	3.14E-09	3.14E-09	3.14E-09	3.14E-09	3.14E-09	3.14E-09	3.14E-09	3.14E-09	3.14E-09	3.14E-09	3.14E-09	3.14E-09	3.14E-09	3.14E-09
3.15E-09	3.15E-09	3.15E-09	3.15E-09	3.15E-09	3.15E-09	3.15E-09	3.15E-09	3.15E-09	3.15E-09	3.15E-09	3.15E-09	3.15E-09	3.15E-09	3.15E-09
3.16E-09	3.16E-09	3.16E-09	3.16E-09	3.16E-09	3.16E-09	3.16E-09	3.16E-09	3.16E-09	3.16E-09	3.16E-09	3.16E-09	3.16E-09	3.16E-09	3.16E-09
3.17E-09	3.17E-09	3.17E-09	3.17E-09	3.17E-09	3.17E-09	3.17E-09	3.17E-09	3.17E-09	3.17E-09	3.17E-09	3.17E-09	3.17E-09	3.17E-09	3.17E-09
3.18E-09	3.18E-09	3.18E-09	3.18E-09	3.18E-09	3.18E-09	3.18E-09	3.18E-09	3.18E-09	3.18E-09	3.18E-09	3.18E-09	3.18E-09	3.18E-09	3.18E-09
3.19E-09	3.19E-09	3.19E-09	3.19E-09	3.19E-09	3.19E-09	3.19E-09	3.19E-09	3.19E-09	3.19E-09	3.19E-09	3.19E-09	3.19E-09	3.19E-09	3.19E-09
3.2E-09	3.2E-09	3.2E-09	3.2E-09	3.2E-09	3.2E-09	3.2E-09	3.2E-09	3.2E-09	3.2E-09	3.2E-09	3.2E-09	3.2E-09	3.2E-09	3.2E-09
3.21E-09	3.21E-09	3.21E-09	3.21E-09	3.21E-09	3.21E-09	3.21E-09	3.21E-09	3.21E-09	3.21E-09	3.21E-09	3.21E-09	3.21E-09	3.21E-09	3.21E-09
3.22E-09	3.22E-09	3.22E-09	3.22E-09	3.22E-09	3.22E-09	3.22E-09	3.22E-09	3.22E-09	3.22E-09	3.22E-09	3.22E-09	3.22E-09	3.22E-09	3.22E-09
3.23E-09	3.23E-09	3.23E-09	3.23E-09	3.23E-09	3.23E-09	3.23E-09	3.23E-09	3.23E-09	3.23E-09	3.23E-09	3.23E-09	3.23E-09	3.23E-09	3.23E-09
3.24E-09	3.24E-09	3.24E-09	3.24E-09	3.24E-09	3.24E-09	3.24E-09	3.24E-09	3.24E-09	3.24E-09	3.24E-09	3.24E-09	3.24E-09	3.24E-09	3.24E-09
3.25E-09	3.25E-09	3.25E-09	3.25E-09	3.25E-09	3.25E-09	3.25E-09	3.25E-09	3.25E-09	3.25E-09	3.25E-09	3.25E-09	3.25E-09	3.25E-09	3.25E-09
3.26E-09	3.26E-09	3.26E-09	3.26E-09	3.26E-09	3.26E-09	3.26E-09	3.26E-09	3.26E-09	3.26E-09	3.26E-09	3.26E-09	3.26E-09	3.26E-09	3.26E-09
3.27E-09	3.27E-09	3.27E-09	3.27E-09	3.27E-09	3.27E-09	3.27E-09	3.27E-09	3.27E-09	3.27E-09	3.27E-09	3.27E-09	3.27E-09	3.27E-09	3.27E-09
3.28E-09	3.28E-09	3.28E-09	3.28E-09	3.28E-09	3.28E-09	3.28E-09	3.28E-09	3.28E-09	3.28E-09	3.28E-09	3.28E-09	3.28E-09	3.28E-09	3.28E-09
3.29E-09	3.29E-09	3.29E-09	3.29E-09	3.29E-09	3.29E-09	3.29E-09	3.29E-09	3.29E-09	3.29E-09	3.29E-09	3.29E-09	3.29E-09	3.29E-09	3.29E-09
3.3E-09	3.3E-09	3.3E-09	3.3E-09	3.3E-09	3.3E-09	3.3E-09	3.3E-09	3.3E-09	3.3E-09	3.3E-09	3.3E-09	3.3E-09	3.3E-09	3.3E-09
3.31E-09	3.31E-09	3.31E-09	3.31E-09	3.31E-09	3.31E-09	3.31E-09	3.31E-09	3.31E-09	3.31E-09	3.31E-09	3.31E-09	3.31E-09	3.31E-09	3.31E-09
3.32E-09	3.32E-09	3.32E-09	3.32E-09	3.32E-09	3.32E-09	3.32E-09	3.32E-09	3.32E-09	3.32E-09	3.32E-09	3.32E-09	3.32E-09	3.32E-09	3.32E-09
3.33E-09	3.33E-09	3.33E-09	3.33E-09	3.33E-09	3.33E-09	3.33E-09	3.33E-09	3.33E-09	3.33E-09	3.33E-09	3.33E-09	3.33E-09	3.33E-09	3.33E-09
3.34E-09	3.34E-09	3.34E-09	3.34E-09	3.34E-09	3.34E-09	3.34E-09	3.34E-09	3.34E-09	3.34E-09	3.34E-09	3.34E-09	3.34E-09	3.34E-09	3.34E-09
3.35E-09	3.35E-09	3.35E-09	3.35E-09	3.35E-09	3.35E-09	3.35E-09	3.35E-09	3.35E-09	3.35E-09	3.35E-09	3.35E-09	3.35E-09	3.35E-09	3.35E-09
3.36E-09	3.36E-09	3.36E-09	3.36E-09	3.36E-09	3.36E-09	3.36E-09	3.36E-09	3.36E-09	3.36E-09	3.36E-09	3.36E-09	3.36E-09	3.36E-09	3.36E-09
3.37E-09	3.37E-09	3.37E-09	3.37E-09	3.37E-09	3.37E-09	3.37E-09	3.37E-09	3.37E-09	3.37E-09	3.37E-09	3.37E-09	3.37E-09	3.37E-09	3.37E-09
3.38E-09	3.38E-09	3.38E-09	3.38E-09	3.38E-09	3.38E-09	3.38E-09	3.38E-09	3.38E-09	3.38E-09	3.38E-09	3.38E-09	3.38E-09	3.38E-09	3.38E-09
3.39E-09	3.39E-09	3.39E-09	3.39E-09	3.39E-09	3.39E-09	3.39E-09	3.39E-09	3.39E-09	3.39E-09	3.39E-09	3.39E-09	3.39E-09	3.39E-09	3.39E-09
3.4E-09	3.4E-09	3.4E-09	3.4E-09	3.4E-09	3.4E-09	3.4E-09	3.4E-09	3.4E-09	3.4E-09	3.4E-09	3.4E-09	3.4E-09	3.4E-09	3.4E-09
3.41E-09	3.41E-09	3.41E-09	3.41E-09	3.41E-09	3.41E-09	3.41E-09	3.41E-09	3.41E-09	3.41E-09	3.41E-09	3.41E-09	3.41E-09	3.41E-09	3.41E-09
3.42E-09	3.42E-09	3.42E-09	3.42E-09	3.42E-09	3.42E-09	3.42E-09	3.42E-09	3.42E-09	3.42E-09	3.42E-09	3.42E-09	3.42E-09	3.42E-09	3.42E-09
3.43E-09	3.43E-09	3.43E-09	3.43E-09	3.43E-09	3.43E-09	3.43E-09	3.43E-09	3.43E-09	3.43E-09	3.43E-09	3.43E-09	3.43E-09	3.43E-09	3.43E-09
3.44E-09	3.44E-09	3.44E-09	3.44E-09	3.44E-09	3.44E-09	3.44E-09	3.44E-09	3.44E-09	3.44E-09	3.44E-09	3.44E-09	3.44E-09	3.44E-09	3.44E-09
3.45E-09	3.45E-09	3.45E-09	3.45E-09	3.45E-09	3.45E-09	3.45E-09	3.45E-09	3.45E-09	3.45E-09	3.45E-09	3.45E-09	3.45E-09	3.45E-09	3.45E-09
3.46E-09	3.46E-09	3.46E-09	3.46E-09	3.46E-09	3.46E-09	3.46E-09	3.46E-09	3.46E-09	3.46E-09	3.46E-09	3.46E-09	3.46E-09	3.46E-09	3.46E-09
3.47E-09	3.47E-09	3.47E-09	3.47E-09	3.47E-09	3.47E-09	3.47E-09	3.47E-09	3.47E-09	3.47E-09	3.47E-09	3.47E-09	3.47E-09	3.47E-09	3.47E-09
3.48E-09	3.48E-09	3.48E-09	3.48E-09	3.48E-09	3.48E-09	3.48E-09	3.48E-09	3.48E-09	3.48E-09	3.48E-09	3.48E-09	3.48E-09	3.48E-09	3.48E-09
3.49E-09	3.49E-09	3.49E-09	3.49E-09	3.49E-09	3.49E-09	3.49E-09	3.49E-09	3.49E-09	3.49E-09	3.49E-09	3.49E-09	3.49E-09	3.49E-09	3.49E-09
3.5E-09	3.5E-09	3.5E-09	3.5E-09	3.5E-09	3.5E-09	3.5E-09	3.5E-09	3.5E-09	3.5E-09	3.5E-09	3.5E-09	3.5E-09	3.5E-09	3.5E-09
3.51E-09	3.51E-09	3.51E-09	3.51E-09	3.51E-09	3.51E-09	3.51E-09	3.51E-09	3.51E-09	3.51E-09	3.51E-09	3.51E-09	3.51E-09	3.51E-09	3.51E-09
3.52E-09	3.52E-09	3.52E-09	3.52E-09	3.52E-09	3.52E-09	3.52E-09	3.52E-09	3.52E-09	3.52E-09	3.52E-09	3.52E-09	3.52E-09	3.52E-09	3.52E-09
3.53E-09	3.53E-09	3.53E-09	3.53E-09	3.53E-09	3.53E-09	3.53E-09	3.53E-09	3.53E-09	3.53E-09	3.53E-09	3.53E-09	3.53E-09	3.53E-09	3.53E-09
3.54E-09	3.54E-09	3.54E-09	3.54E-09	3.54E-09	3.54E-09	3.54E-09	3.54E-09	3.54E-09	3.54E-09	3.54E-09	3.54E-09	3.54E-09	3.54E-09	3.54E-09
3.55E-09	3.55E-09	3.55E-09	3.55E-09	3.55E-09	3.55E-09	3.55E-09	3.55E-09	3.55E-09	3.55E-09	3.55E-09	3.55E-09	3.55E-09	3.55E-09	3.55E-09
3.56E-09	3.56E-09	3.56E-09	3.56E-09	3.56E-09	3.56E-09	3.56E-09	3.56E-09	3.56E-09	3.56E-09	3.56E-09	3.56E-09	3.56E-09	3.56E-09	3.56E-09
3.57E-09	3.57E-09	3.57E-09	3.57E-09	3.57E-09	3.57E-09	3.57E-09	3.57E-09	3.57E-09	3.57E-09	3.57E-09	3.57E-09	3.57E-09	3.57E-09	3.57E-09
3.58E-09	3.58E-09	3.58E-09	3.58E-09	3.58E-09	3.58E-09	3.58E-09	3.58E-09	3.58E-09	3.58E-09	3.58E-09	3.58E-09	3.58E-09	3.58E-09	3.58E-09
3.59E-09	3.59E-09	3.59E-09	3.59E-09	3.59E-09	3.59E-09	3.59E-09	3.59E-09	3.59E-09	3.59E-09	3.59E-09	3.59E-09	3.59E-09	3.59E-09	3.59E-09
3.6E-09	3.6E-09	3.6E-09	3.6E-09	3.6E-09	3.6E-09	3.6E-09	3.6E-09	3.6E-09	3.6E-09	3.6E-09	3.6E-09	3.6E-09	3.6E-09	3.6E-09
3.61E-09	3.61E-09	3.61E-09	3.61E-09	3.61E-09	3.61E-09	3.61E-09	3.61E-09	3.61E-09	3.61E-09	3.61E-09	3.61E-09	3.61E-09	3.61E-09	3.61E-09
3.62E-09	3.62E-09	3.62E-09	3.62E-09	3.62E-09	3.62E-09	3.62E-09	3.62E-09	3.62E-09	3.62E-09	3.62E-09	3.62E-09	3.62E-09	3.62E-09	3.62E-09
3.63E-09	3.63E-09	3.63E-09	3.63E-09	3.63E-09	3.63E-09	3.63E-09	3.63E-09	3.63E-09	3.63E-09	3.63E-09	3.63E-09	3.63E-09	3.63E-09	3.63E-09
3.64E-09	3.64E-09	3.64E-09	3.64E-09	3.64E-09	3.64E-09	3.64E-09	3.64E-09	3.64E-09	3.64E-09	3.64E-09	3.64E-09	3.64E-09	3.64E-09	3.64E-09
3.65E-09	3.65E-09	3.65E-09	3.65E-09	3.65E-09	3.65E-09	3.65E-09	3.65E-09	3.65E-09	3.65E-09	3.65E-09	3.65E-09	3.65E-09	3.65E-09	3.65E-09
3.66E-09	3.66E-09	3.66E-09	3.66E-09	3.66E-09	3.66E-09	3.66E-09	3.66E-09	3.66E-09	3.66E-09	3.66E-09	3.66E-09	3.66E-09	3.66E-09	3.66E-09
3.67E-09	3.67E-09	3.67E-09	3.67E-09	3.67E-09	3.67E-09	3.67E-09	3.67E-09	3.67E-09	3.67E-09	3.67E-09	3.67E-09	3.67E-09	3.67E-09	3.67E-09
3.68E-09	3.68E-09	3.68E-09	3.68E-09	3.68E-09	3.68E-09	3.68E-09	3.68E-09	3.68E-09	3.68E-09	3.68E-09	3.68E-09	3.68E-09	3.68E-09	3.68E-09
3.69E-09	3.69E-09	3.69E-09	3.69E-09	3.69E-09	3.69E-09	3.69E-09	3.69E-09	3.69E-09	3.69E-09	3.69E-09	3.69E-09	3.69E-09	3.69E-09	3.69E-09
3.7E-09	3.7E-09	3.7E-09	3.7E-09	3.7E-09	3.7E-09	3.7E-09	3.7E-09	3.7E-09	3.7E-09	3.7E-09	3.7E-09	3.7E-09	3.7E-09	3.7E-09
3.71E-09	3.71E-09	3.71E-09	3.71E-09	3.71E-09	3.71E-09	3.71E-09	3.71E-09	3.71E-09	3.71E-09	3.71E-09	3.71E-09	3.71E-09	3.71E-09	3.71E-09
3.72E-09	3.72E-09	3.72E-09	3.72E-09	3.72E-09	3.72E-09	3.72E-09	3.72E-09	3.72E-09	3.72E-09	3.72E-09	3.72E-09	3.72E-09	3.72E-09	3.72E-09
3.73E-09	3.73E-09	3.73E-09	3.73E-09	3.73E-09	3.73E-09	3.73E-09	3.73E-09	3.73E-09	3.73E-09	3.73E-09	3.73E-09	3.73E-09	3.73E-09	3.73E-09
3.74E-09	3.74E-09	3.74E-09	3.74E-09	3.74E-09	3.74E-09	3.74E-09	3.74E-09	3.74E-09	3.74E-09	3.74E-09	3.74E-09	3.74E-09	3.74E-09	3.74E-09
3.75E-09	3.75E-09	3.75E-09	3.75E-09	3.75E-09	3.75E-09	3.75E-09	3.75E-09	3.75E-09	3.75E-09	3.75E-09	3.75E-09	3.75E-09	3.75E-09	3.75E-09
3.76E-09	3.76E-09	3.76E-09	3.76E-09	3.76E-09	3.76E-09	3.76E-09	3.76E-09	3.76E-09	3.76E-09	3.76E-09	3.76E-09	3.76E-09	3.76E-09	3.76E-09
3.77E-09	3.77E-09	3.77E-09	3.77E-09	3.77E-09	3.77E-09	3.77E-09	3.77E-09	3.77E-09	3.77E-09	3.77E-09	3.77E-09	3.77E-09	3.77E-09	3.77E-09
3.78E-09	3.78E-09	3.78E-09	3.78E-09	3.78E-09	3.78E-09	3.78E-09	3.78E-09	3.78E-09	3.78E-09	3.78E-09	3.78E-09	3.78E-09	3.78E-09	3.78E-09
3.79E-09	3.79E-09	3.79E-09	3.79E-09	3.79E-09	3.79E-09	3.79E-09	3.79E-09	3.79E-09	3.79E-09	3.79E-09	3.79E-09	3.79E-09	3.79E-09	3.79E-09
3.8E-09	3.8E-09	3.8E-09	3.8E-09	3.8E-09	3.8E-09	3.8E-09	3.8E-09	3.8E-09	3.8E-09	3.8E-09	3.8E-09	3.8E-09	3.8E-09	3.8E-09
3.81E-09	3.81E-09	3.81E-09	3.81E-09	3.81E-09	3.81E-09	3.81E-09	3.81E-09	3.81E-09	3.81E-09	3.81E-09	3.81E-09	3.81E-09	3.81E-09	3.81E-09
3.82E-09	3.82E-09	3.82E-09	3.82E-09	3.82E-09	3.82E-09	3.82E-09	3.82E-09	3.82E-09	3.82E-09	3.82E-09	3.82E-09	3.82E-09	3.82E-09	3.82E-09
3.83E-09	3.83E-09	3.83E-09	3.83E-09	3.83E-09	3.83E-09	3.83E-09	3.83E-09	3.83E-09	3.83E-09	3.83E-09	3.83E-09	3.83E-09	3.83E-09	3.83E-09
3.84E-09	3.84E-09	3.84E-09	3.84E-09	3.84E-09	3.84E-09	3.84E-09	3.84E-09	3.84E-09	3.84E-09	3.84E-09	3.84E-09	3.84E-09	3.84E-09	3.84E-09
3.85E-09	3.85E-09	3.85E-09	3.85E-09	3.85E-09	3.85E-09	3.85E-09	3.85E-09	3.85E-09	3.85E-09	3.85E-09	3.85E-09	3.85E-09	3.85E-09	3.85E-09
3.86E-09	3.86E-09	3.86E-09	3.86E-09	3.86E-09	3.86E-09	3.86E-09	3.86E-09	3.86E-09	3.86E-09	3.86E-09	3.86E-09	3.86E-09	3.86E-09	3.86E-09
3.87E-09	3.87E-09	3.87E-09	3.87E-09	3.87E-09	3.87E-09	3.87E-09	3.87E-09	3.87E-09	3.87E-09	3.87E-09	3.87E-09	3.87E-09	3.87E-09	3.87E-09
3.88E-09	3.88E-09	3.88E-09	3.88E-09	3.88E-09	3.88E-09	3.88E-09	3.88E-09	3.88E-09	3.88E-09	3.88E-09	3.88E-09	3.88E-09	3.88E-09	3.88E-09
3.89E-09	3.89E-09	3.89E-09	3.89E-09	3.89E-09	3.89E-09	3.89E-09	3.89E-09	3.89E-09	3.89E-09	3.89E-09	3.89E-09	3.89E-09	3.89E-09	3.89E-09
3.9E-09	3.9E-09	3.9E-09	3.9E-09	3.9E-09	3.9E-09	3.9E-09	3.9E-09	3.9E-09	3.9E-09	3.9E-09	3.9E-09	3.9E-09	3.9E-09	3.9E-09
3.91E-09	3.91E-09	3.91E-09	3.91E-09	3.91E-09	3.91E-09	3.91E-09	3.91E-09	3.91E-09	3.91E-09	3.91E-09	3.91E-09	3.91E-09	3.91E-09	3.91E-09
3.92E-09	3.92E-09	3.92E-09	3.92E-09	3.92E-09	3.92E-09	3.92E-09	3.92E-09	3.92E-09	3.92E-09	3.92E-09	3.92E-09	3.92E-09	3.92E-09	3.92E-09
3.93E-09	3.93E-09	3.93E-09	3.93E-09	3.93E-09	3.93E-09	3.93E-09	3.93E-09	3.93E-09	3.93E-09	3.93E-09	3.93E-09	3.93E-09	3.93E-09	3.93E-09
3.94E-09	3.94E-09	3.94E-09	3.94E-09	3.94E-09	3.94E-09	3.94E-09	3.94E-09	3.94E-09	3.94E-09	3.94E-09	3.94E-09	3.94E-09	3.94E-09	3.94E-09
3.95E-09	3.95E-09	3.95E-09	3.95E-09	3.95E-09	3.95E-09	3.95E-09	3.95E-09	3.95E-09	3.95E-09	3.95E-09	3.95E-09	3.95E-09	3.95E-09	3.95E-09
3.96E-09	3.96E-09	3.96E-09	3.96E-09	3.96E-09	3.96E-09	3.96E-09	3.96E-09	3.96E-09	3.96E-09	3.96E-09	3.96E-09	3.96E-09	3.96E-09	3.96E-09
3.97E-09	3.97E-09	3.97E-09	3.97E-09	3.97E-09	3.97E-09	3.97E-09	3.97E-09	3.97E-09	3.97E-09	3.97E-09	3.97E-09	3.97E-09	3.97E-09	3.97E-09
3.98E-09	3.98E-09	3.98E-09	3.98E-09	3.98E-09	3.98E-09	3.98E-09	3.98E-09	3.98E-09	3.98E-09	3.98E-09	3.98E-09	3.98E-09	3.98E-09	3.98E-09
3.99E-09	3.99E-09	3.99E-09	3.99E-09	3.99E-09	3.99E-09	3.99E-09	3.99E-09	3.99E-09	3.99E-09	3.99E-09	3.99E-09	3.99E-09	3.99E-09	3.99E-09
